

































































































































































































































































































































































2152299354 563027159 1803757 576789 2241390592 174379008 4435968

















































































































































































95326 8925 887 138 1048576 0 0

172206247 186218079 39242994 31830421 23511040 204800 0
90699930 3406460 54135 38133 21061632 0 0
6634851 15666121 98699 95224 5566464 0 0
221890 58178 5547 7256 12615680 0 0
36848 1328 174 159 1409024 0 0
22503458 17835 32176 2227 6721536 0 0
40271 14822 1202 1850 2695168 0 0
29535 15094 1188 1884 2297856 0 0
141796 31394 2452 3926 3391488 0 0
2590512 392977 36747 49123 1679360 0 0
45485 16330 1351 2038 2039808 0 0
41413 16462 1357 2055 2248704 0 0
23654 3291 257 385 1396736 0 0
24503 64 44 6 45056 0 0
965615 151790 12752 18421 15361024 4096 0
49058219847 326372288870 19704278 63249292 12533895168 20190445568 117915648
5348096 42402000 636090 1668824 3145728 0 0
3592897 5901865 446318 737734 1888256 0 0
55378 924898 3312 152023 1019904 0 0
26645 34466 588 909 1200128 36864 0
388403 34210 5208 4278 24121344 0 0
149369 14257 1162 1780 11714560 0 0
181676 64594 5093 8072 15527936 0 0
49335 4870954 2293 4054 1015808 5423104 0
145335 74065 3128 5108 7299072 36864 0
69657 8969 849 1122 8499200 0 0
46725 41273 3098 5158 110592 0 0
376600 152659 8715 16020 10838016 0 0
107869 40788 3119 5098 135168 0 0
47687790 44210 56992 5527 4313088 0 0
303369 68656 4500 8018 7176192 0 0
21400498 1574552 44977 74107 11616256 987136 0
787937 114381 11692 14318 13512704 0 0
74657 44246 3368 5560 3747840 0 0
64281 69681 5231 8709 499712 0 0
45671 41780 3102 5220 122880 0 0
816557 1302008 98194 162755 2707456 0 0
59649 43813 3256 5476 696320 0 0
67013 40641 3059 5080 81920 0 0
51437 45716 3378 5722 626688 0 0
442651 57364 4425 6610 6115328 0 0
55781 48128 3612 6016 180224 0 0
504019 93018 4613 7238 9170944 0 0
45644217 26664031 59742 51509 368995328 24309760 0
80066 5168 497 646 2408448 0 0
91672 73658 4511 6957 4333568 0 0
646081 157799 11882 19733 9777152 0 0
30211056 3768560 44524 56524 31469568 495616 0
321691 57240 1007 70 703488 0 0
9500 648 78 81 5182464 335872 331776
8312 0 15 0 81920 0 0
1019362 46352 2087 378 37667840 0 0
152039 1520365 1656 1944 2764800 2023424 69632
59394132 6380706 45544 29611 45023232 499712 0
363630 13286 903 1234 23666688 0 0
4355999 4196645 4012 2815 17596416 249856 0
16748 289 54 37 49152 0 0
885178 4677927 3800 4214 2236416 0 0
8529754 18454892 8493 20481 9003008 2007040 0

545811 23656 2804 2957 4441088 0 0
177504 237921 18720 29741 2416640 0 0
117702 144432 10552 18054 917504 0 0
815787449 4324980162 11824415 114757171 88530944 294912 143360
6615225 23652 1805 448 7159808 0 0

99694 67630 994 482 258048 0 0
369938 19373 1187 1838 14614528 0 0
26002 3700 282 449 2215936 0 0
964708818 44115240 244284 16118 34951168 44924928 44924928
14609771 23013880 1820231 2876689 1908736 4096 0
1615156777 3359929562 1183176 1139340 196773888 1153486848 5447680
38913221 3034735580 40557 260201 185363456 2027520 143360
24193 1169 125 147 1249280 0 0
3094093 3728425 281339 465489 6709248 0 0
5157321 7935640 641498 991955 925696 0 0
5040 0 19 0 12288 0 0
14860 9820 77 58 44032 0 0
1323934074 2790303756 3381070 4019257 1752127488 4207554560 64618496
93554 21 129 4 6163456 0 0
93555 56 130 6 4529152 0 0
6558251636 7293433357 1026186 745110 272608256 7412801536 49070080
125095966 110434463 37122933 25803093 8562688 0 0
8511561 135356296 4453190 9904621 289258496 1818624 0
3250213824 401251546 9426760 9341684 1253044224 363671552 20480
319490391 334020941 20361 37599 154920960 348622848 0
602 264 36 33 7227392 0 0
3351217 329479 4758 4619 16151552 294912 0
143131236 21740268 2215891 2213418 4419584 12701696 0
1190301 943643 2018 1561 1376256 937984 0
19749 64 35 8 0 0 0

87630 121360 1065 1682 36864 0 0
12545290928 592607684 583943 309383 4576256 158777344 0
545899 15072 682 252 1798144 0 0
8259072 31873 9127 1629 1073152 4096 0
7616209 29528 8958 1282 0 8192 0



27980223021 9477069844 4758523 1658081 3040413184 5356564480 2366517248
0 0 0 0 0 0 0
19598772 146777 106550 714 235278336 772227072 0
115467743 261318 31952 4140 120264704 0 0
1769660 661613 3569 10036 6004736 0 0
1611662 280329 28229 34968 5992448 8192 0
12924830 32 538294 8 110592 0 0
65651275 65618314 21799814 65618150 1482752 0 0
316366 27698 1436 2650 3031040 0 0
8635834 130 6802 75 9330688 0 0
976819 1195401 11522 9465 1888256 0 0
1863748 6713942 98044 155774 20967424 6496256 0
112239441 34101 309611 8746 114688 0 0
1418806 1503 372 19 11583488 0 0
49684532 351663 91284 43923 5472256 0 0
423096 6961355 1312 33767 3448832 16715776 0
10538594029 3911955741 168743 65246 3761861632 3940392960 74289152
303469 404 417 47 155648 0 0
12077758 83929 9067 405 3830784 0 0
24019005 23091622 103819 12951 6242304 0 0
1983563 84105 6923 5723 5734400 0 0
573937 1156 207 544 17178624 0 0
528646 10191 9924 819 8318976 0 0
6262816 111081 30273 14484 102993920 0 0
175874 1400 462 160 6311936 4096 0
498865 180822 1008 577 12277760 45056 8192
698816 317814 55477 55338 83668992 143360 0
1226044 190 346 19 2347008 0 0
3565377 632092 23478 18401 101851136 712704 32768
728019 49762 3390 5500 1376256 4096 0
60 32 3 4 0 0 0
60 32 3 4 0 0 0
2296298 184790 2729 372 29679616 196608 0
186468 65512 307 83 20353024 0 0
989191 68930 3170 1488 3145728 65536 0
166664 121224 15280 15151 69632 0 0
832856 473164 23963 5687 1658880 638976 0
2152299354 563027159 1803757 576789 2241390592 174379008 4435968
72817 82910 4845 9332 9854976 20480 4096
548916 2181 439 38 1814528 40960 0
121673 24151 677 993 1060864 28672 20480
103497 34514 104 112 7135232 69632 4096
0 0 0 0 0 0 0
0 0 0 0 0 0 0
0 0 0 0 0 0 0
0 0 0 0 0 0 0
0 0 0 0 0 0 0
0 0 0 0 0 0 0
0 0 0 0 0 0 0
0 0 0 0 0 0 0
0 0 0 0 0 0 0
0 0 0 0 0 0 0
0 0 0 0 0 0 0
0 0 0 0 0 0 0
0 0 0 0 0 0 0
0 0 0 0 0 0 0
0 0 0 0 0 0 0
0 0 0 0 0 0 0
0 0 0 0 0 0 0
0 0 0 0 0 0 0
0 0 0 0 0 0 0
0 0 0 0 0 0 0
0 0 0 0 0 0 0
0 0 0 0 0 0 0
0 0 0 0 0 0 0
0 0 0 0 0 0 0
0 0 0 0 0 0 0
0 0 0 0 0 0 0
0 0 0 0 0 0 0
0 0 0 0 0 0 0
0 0 0 0 0 0 0
0 0 0 0 0 0 0
0 0 0 0 0 0 0
0 0 0 0 0 0 0
0 0 0 0 0 0 0
0 0 0 0 0 0 0
0 0 0 0 0 0 0
0 0 0 0 0 0 0
0 0 0 0 0 0 0
0 0 0 0 0 0 0
0 0 0 0 0 0 0
0 0 0 0 0 0 0
0 0 0 0 0 0 0
0 0 0 0 0 0 0
0 0 0 0 0 0 0
0 0 0 0 0 0 0
0 0 0 0 0 0 0
0 0 0 0 0 0 0
0 0 0 0 0 0 0
0 0 0 0 0 0 0
0 0 0 0 0 0 0
0 0 0 0 0 0 0
0 0 0 0 0 0 0
0 0 0 0 0 0 0
0 0 0 0 0 0 0
0 0 0 0 0 0 0
0 0 0 0 0 0 0
0 0 0 0 0 0 0
0 0 0 0 0 0 0
0 0 0 0 0 0 0
0 0 0 0 0 0 0
0 0 0 0 0 0 0
0 0 0 0 0 0 0
0 0 0 0 0 0 0
0 0 0 0 0 0 0
0 0 0 0 0 0 0
0 0 0 0 0 0 0
0 0 0 0 0 0 0
0 0 0 0 0 0 0
0 0 0 0 0 0 0
0 0 0 0 0 0 0
0 0 0 0 0 0 0
0 0 0 0 0 0 0
0 0 0 0 0 0 0
0 0 0 0 0 0 0
0 0 0 0 0 0 0
0 0 0 0 0 0 0
0 0 0 0 0 0 0
0 0 0 0 0 0 0
0 0 0 0 0 0 0
0 0 0 0 0 0 0
0 0 0 0 0 0 0
0 0 0 0 0 0 0
0 0 0 0 0 0 0
0 0 0 0 0 0 0
0 0 0 0 0 0 0
0 0 0 0 0 0 0
0 0 0 0 0 0 0
0 0 0 0 0 0 0
0 0 0 0 0 0 0
0 0 0 0 0 0 0
0 0 0 0 0 0 0
0 0 0 0 0 0 0
0 0 0 0 0 0 0
0 0 0 0 0 0 0
0 0 0 0 0 0 0
0 0 0 0 0 0 0
0 0 0 0 0 0 0
0 0 0 0 0 0 0
0 0 0 0 0 0 0
0 0 0 0 0 0 0
0 0 0 0 0 0 0
0 0 0 0 0 0 0
0 0 0 0 0 0 0
0 0 0 0 0 7560749056 0
0 0 0 0 0 0 0
0 0 0 0 0 0 0
0 0 0 0 0 0 0
0 0 0 0 0 0 0
0 0 0 0 0 0 0
0 0 0 0 0 0 0
0 0 0 0 0 0 0
0 0 0 0 0 0 0
0 0 0 0 0 0 0
0 0 0 0 0 0 0
0 0 0 0 0 0 0
0 0 0 0 0 0 0
22724 3092 788 769 0 0 0
0 0 0 0 0 0 0
0 0 0 0 0 0 0
0 0 0 0 0 0 0
0 0 0 0 0 0 0
0 0 0 0 0 0 0
0 0 0 0 0 0 0
0 0 0 0 0 0 0
0 0 0 0 0 0 0
0 0 0 0 0 0 0
0 0 0 0 0 0 0
0 0 0 0 0 0 0
0 0 0 0 0 0 0
0 0 0 0 0 0 0
0 0 0 0 0 0 0
0 0 0 0 0 0 0
0 0 0 0 0 0 0
0 0 0 0 0 0 0
0 0 0 0 0 0 0
0 0 0 0 0 0 0
0 0 0 0 0 0 0
0 0 0 0 0 0 0
0 0 0 0 2408448 0 0
0 0 0 0 0 0 0
0 0 0 0 0 0 0
0 0 0 0 0 0 0
0 0 0 0 0 0 0
0 0 0 0 0 0 0
0 0 0 0 94105600 0 0
0 0 0 0 0 0 0
0 0 0 0 0 0 0
0 0 0 0 0 0 0
0 0 0 0 0 0 0
0 0 0 0 0 0 0
0 0 0 0 0 0 0
0 0 0 0 0 0 0
0 0 0 0 0 0 0
0 0 0 0 0 0 0
0 0 0 0 0 0 0
0 0 0 0 0 0 0
0 0 0 0 0 0 0
0 0 0 0 0 0 0
0 0 0 0 0 0 0
1 0 1 0 0 0 0
130448 640 310 224 1459200 0 0
4325965 1977808 2923 6017 5710848 3080192 798720
6489325 1468068 5570 8627 9569280 1937408 1597440
4208 0 10 0 0 0 0
5217 2 18 1 262144 0 0
5217 2 18 1 0 0 0
472525 8225 556 19 37105664 4096 0
452 0 3 0 0 0 0
452 0 3 0 0 0 0
452 0 3 0 114688 0 0
452 0 3 0 0 0 0
452 0 3 0 0 0 0
6677232 394841 14742 3661 16461824 425984 0
95326 8925 887 138 1048576 0 0
6 8 2 1 0 0 0
172358822 186392350 39277456 31860877 23511040 204800 0
90699930 3406460 54135 38133 21061632 0 0
6638335 15673518 98751 95276 5566464 0 0
221890 58178 5547 7256 12615680 0 0
36848 1328 174 159 1409024 0 0
22503458 17835 32176 2227 6721536 0 0
40271 14822 1202 1850 2695168 0 0
29535 15094 1188 1884 2297856 0 0
141796 31394 2452 3926 3391488 0 0
2590512 392977 36747 49123 1679360 0 0
45485 16330 1351 2038 2039808 0 0
41413 16462 1357 2055 2248704 0 0
23654 3291 257 385 1396736 0 0
24503 64 44 6 45056 0 0
965711 151942 12764 18440 15361024 4096 0
49058263753 326372692683 19709770 63281693 12533895168 20190449664 117915648
5348096 42402000 636090 1668824 3145728 0 0
3592897 5901865 446318 737734 1888256 0 0
55410 925402 3316 152105 1019904 0 0
26645 34466 588 909 1200128 36864 0
388403 34210 5208 4278 24121344 0 0
149369 14257 1162 1780 11714560 0 0
181676 64594 5093 8072 15527936 0 0
49335 4870954 2293 4054 1015808 5423104 0
145335 74065 3128 5108 7299072 36864 0
69657 8969 849 1122 8499200 0 0
46773 41353 3104 5168 110592 0 0
376656 152755 8722 16032 10838016 0 0
107917 40868 3125 5108 135168 0 0
47712653 44258 57023 5533 4313088 0 0
303417 68736 4506 8028 7176192 0 0
21400610 1574736 44995 74130 11616256 987136 0
788001 114461 11702 14328 13512704 0 0
74705 44326 3374 5570 3747840 0 0
64329 69761 5237 8719 499712 0 0
45703 41828 3106 5226 122880 0 0
816701 1302256 98212 162786 2707456 0 0
59697 43893 3262 5486 696320 0 0
67037 40689 3062 5086 81920 0 0
51485 45796 3384 5732 626688 0 0
442699 57444 4431 6620 6115328 0 0
55829 48208 3618 6026 180224 0 0
504067 93098 4619 7248 9170944 0 0
45644217 26664031 59742 51509 368995328 24309760 0
80066 5168 497 646 2408448 0 0
91672 73658 4511 6957 4333568 0 0
646081 157799 11882 19733 9777152 0 0
30226640 3769088 44598 56590 31469568 495616 0
321691 57240 1007 70 703488 0 0
9500 648 78 81 5182464 335872 331776
8312 0 15 0 81920 0 0
1019362 46352 2087 378 37667840 0 0
152039 1569325 1656 1946 2768896 2076672 69632
60805264 6401690 47232 30902 45023232 499712 0
363630 13286 903 1234 23666688 0 0
4356015 4196661 4016 2816 17596416 249856 0
16748 289 54 37 49152 0 0
918745 6686814 4111 5736 2236416 0 0
8651592 20413276 10046 23930 9003008 2007040 0
21047 2533 79 30 1277952 0 0
545811 23656 2804 2957 4441088 0 0
177504 237921 18720 29741 2416640 0 0
117702 144432 10552 18054 917504 0 0
816059624 4326632529 11837881 114793947 88530944 294912 143360
6615225 23652 1805 448 7159808 0 0
0 0 0 0 0 0 0
99694 67630 994 482 258048 0 0
369938 19373 1187 1838 14614528 0 0
26002 3700 282 449 2215936 0 0
964708818 44115241 244284 16119 34951168 44924928 44924928
14609771 23013880 1820231 2876689 1908736 4096 0
1615195556 3360089262 1183277 1139487 196915200 1153748992 5447680
38940099 3041267683 41356 261236 186833920 2048000 143360
24193 1169 125 147 1249280 0 0
3094093 3728425 281339 465489 6709248 0 0
5157321 7935640 641498 991955 925696 0 0
5040 0 19 0 12288 0 0
14860 9820 77 58 44032 0 0
1323935202 2790485295 3381757 4020083 1752127488 4208496640 64618496
93554 21 129 4 6163456 0 0
93555 56 130 6 4529152 0 0
6559794771 7295528051 1026456 745276 272673792 7414947840 49086464
125210444 110527405 37156932 25824653 8562688 0 0
8511801 135363500 4453418 9905130 289258496 1818624 0
3250213824 401251546 9426760 9341684 1253044224 363671552 20480
319490391 334022201 20361 37607 154920960 348639232 0
602 264 36 33 7227392 0 0
3351217 329479 4758 4619 16151552 294912 0
143160004 21769036 2223034 2220561 4419584 12701696 0
1228749 944091 2124 1617 1376256 937984 0
21263 64 37 8 0 0 0
41625 62 102 3 20480 0 0
87630 121360 1065 1682 36864 0 0
12545291613 592609484 583953 309398 4576256 158777344 0
545918 15141 701 267 1798144 0 0
15966931 61862 18211 2948 1073152 12288 0
185021 141 177 4 0 0 0
6996410 21256 9175 628 0 12288 0



27980224205 9477069844 4758529 1658081 3040413184 5356564480 2366517248
0 0 0 0 0 0 0
19608748 146777 106615 714 235278336 772694016 0
115467751 261318 31953 4140 120264704 0 0
1769660 661613 3569 10036 6004736 0 0
1611878 280489 28243 34988 5992448 8192 0
12929078 32 538471 8 110592 0 0
65651504 65618543 21799896 65618379 1482752 0 0
316366 27698 1436 2650 3031040 0 0
8635834 130 6802 75 9330688 0 0
976819 1195401 11522 9465 1888256 0 0
1863868 6714118 98059 155796 20967424 6496256 0
112259459 34101 309667 8746 114688 0 0
1418806 1503 372 19 11583488 0 0
49684532 351663 91284 43923 5472256 0 0
423096 6962464 1312 33772 3448832 16728064 0
10538594029 3911955751 168743 65247 3761861632 3940392960 74289152
303469 404 417 47 155648 0 0
12077766 83929 9068 405 3830784 0 0
24019215 23091622 103840 12951 6242304 0 0
1983563 84105 6923 5723 5734400 0 0
573937 1156 207 544 17178624 0 0
528646 10191 9924 819 8318976 0 0
6262816 111081 30273 14484 102993920 0 0
175874 1400 462 160 6311936 4096 0
498865 180822 1008 577 12277760 45056 8192
698825 317823 55486 55347 83668992 143360 0
1226044 190 346 19 2347008 0 0
3565380 632095 23481 18404 101851136 712704 32768
728019 49762 3390 5500 1376256 4096 0
60 32 3 4 0 0 0
60 32 3 4 0 0 0
2296298 184790 2729 372 29679616 196608 0
186468 65512 307 83 20353024 0 0
989191 68930 3170 1488 3145728 65536 0
166696 121256 15284 15155 69632 0 0
832856 473164 23963 5687 1658880 638976 0
2152299354 563027159 1803757 576789 2241390592 174379008 4435968
72817 82910 4845 9332 9854976 20480 4096
548916 2181 439 38 1814528 40960 0
121673 24151 677 993 1060864 28672 20480
103497 34514 104 112 7135232 69632 4096
0 0 0 0 0 0 0
0 0 0 0 0 0 0
0 0 0 0 0 0 0
0 0 0 0 0 0 0
0 0 0 0 0 0 0
0 0 0 0 0 0 0
0 0 0 0 0 0 0
0 0 0 0 0 0 0
0 0 0 0 0 0 0
0 0 0 0 0 0 0
0 0 0 0 0 0 0
0 0 0 0 0 0 0
0 0 0 0 0 0 0
0 0 0 0 0 0 0
0 0 0 0 0 0 0
0 0 0 0 0 0 0
0 0 0 0 0 0 0
0 0 0 0 0 0 0
0 0 0 0 0 0 0
0 0 0 0 0 0 0
0 0 0 0 0 0 0
0 0 0 0 0 0 0
0 0 0 0 0 0 0
0 0 0 0 0 0 0
0 0 0 0 0 0 0
0 0 0 0 0 0 0
0 0 0 0 0 0 0
0 0 0 0 0 0 0
0 0 0 0 0 0 0
0 0 0 0 0 0 0
0 0 0 0 0 0 0
0 0 0 0 0 0 0
0 0 0 0 0 0 0
0 0 0 0 0 0 0
0 0 0 0 0 0 0
0 0 0 0 0 0 0
0 0 0 0 0 0 0
0 0 0 0 0 0 0
0 0 0 0 0 0 0
0 0 0 0 0 0 0
0 0 0 0 0 0 0
0 0 0 0 0 0 0
0 0 0 0 0 0 0
0 0 0 0 0 0 0
0 0 0 0 0 0 0
0 0 0 0 0 0 0
0 0 0 0 0 0 0
0 0 0 0 0 0 0
0 0 0 0 0 0 0
0 0 0 0 0 0 0
0 0 0 0 0 0 0
0 0 0 0 0 0 0
0 0 0 0 0 0 0
0 0 0 0 0 0 0
0 0 0 0 0 0 0
0 0 0 0 0 0 0
0 0 0 0 0 0 0
0 0 0 0 0 0 0
0 0 0 0 0 0 0
0 0 0 0 0 0 0
0 0 0 0 0 0 0
0 0 0 0 0 0 0
0 0 0 0 0 0 0
0 0 0 0 0 0 0
0 0 0 0 0 0 0
0 0 0 0 0 0 0
0 0 0 0 0 0 0
0 0 0 0 0 0 0
0 0 0 0 0 0 0
0 0 0 0 0 0 0
0 0 0 0 0 0 0
0 0 0 0 0 0 0
0 0 0 0 0 0 0
0 0 0 0 0 0 0
0 0 0 0 0 0 0
0 0 0 0 0 0 0
0 0 0 0 0 0 0
0 0 0 0 0 0 0
0 0 0 0 0 0 0
0 0 0 0 0 0 0
0 0 0 0 0 0 0
0 0 0 0 0 0 0
0 0 0 0 0 0 0
0 0 0 0 0 0 0
0 0 0 0 0 0 0
0 0 0 0 0 0 0
0 0 0 0 0 0 0
0 0 0 0 0 0 0
0 0 0 0 0 0 0
0 0 0 0 0 0 0
0 0 0 0 0 0 0
0 0 0 0 0 0 0
0 0 0 0 0 0 0
0 0 0 0 0 0 0
0 0 0 0 0 0 0
0 0 0 0 0 0 0
0 0 0 0 0 0 0
0 0 0 0 0 0 0
0 0 0 0 0 0 0
0 0 0 0 0 0 0
0 0 0 0 0 0 0
0 0 0 0 0 0 0
0 0 0 0 0 7561117696 0
0 0 0 0 0 0 0
0 0 0 0 0 0 0
0 0 0 0 0 0 0
0 0 0 0 0 0 0
0 0 0 0 0 0 0
0 0 0 0 0 0 0
0 0 0 0 0 0 0
0 0 0 0 0 0 0
0 0 0 0 0 0 0
0 0 0 0 0 0 0
0 0 0 0 0 0 0
0 0 0 0 0 0 0
22724 3092 788 769 0 0 0
0 0 0 0 0 0 0
0 0 0 0 0 0 0
0 0 0 0 0 0 0
0 0 0 0 0 0 0
0 0 0 0 0 0 0
0 0 0 0 0 0 0
0 0 0 0 0 0 0
0 0 0 0 0 0 0
0 0 0 0 0 0 0
0 0 0 0 0 0 0
0 0 0 0 0 0 0
0 0 0 0 0 0 0
0 0 0 0 0 0 0
0 0 0 0 0 0 0
0 0 0 0 0 0 0
0 0 0 0 0 0 0
0 0 0 0 0 0 0
0 0 0 0 0 0 0
0 0 0 0 0 0 0
0 0 0 0 0 0 0
0 0 0 0 0 0 0
0 0 0 0 2408448 0 0
0 0 0 0 0 0 0
0 0 0 0 0 0 0
0 0 0 0 0 0 0
0 0 0 0 0 0 0
0 0 0 0 0 0 0
0 0 0 0 94105600 0 0
0 0 0 0 0 0 0
0 0 0 0 0 0 0
0 0 0 0 0 0 0
0 0 0 0 0 0 0
0 0 0 0 0 0 0
0 0 0 0 0 0 0
0 0 0 0 0 0 0
0 0 0 0 0 0 0
0 0 0 0 0 0 0
0 0 0 0 0 0 0
0 0 0 0 0 0 0
0 0 0 0 0 0 0
0 0 0 0 0 0 0
0 0 0 0 0 0 0
1 0 1 0 0 0 0
130448 640 310 224 1459200 0 0
4325965 1977808 2923 6017 5710848 3080192 798720
6489325 1468068 5570 8627 9569280 1937408 1597440
4208 0 10 0 0 0 0
5217 2 18 1 262144 0 0
5217 2 18 1 0 0 0
472525 8225 556 19 37105664 4096 0
452 0 3 0 0 0 0
452 0 3 0 0 0 0
452 0 3 0 114688 0 0
452 0 3 0 0 0 0
452 0 3 0 0 0 0
6677232 394841 14742 3661 16461824 425984 0
95326 8925 887 138 1048576 0 0
6 8 2 1 0 0 0
172438381 186483133 39295443 31876732 23511040 204800 0
90699930 3406460 54135 38133 21061632 0 0
6639139 15675225 98763 95288 5566464 0 0
221890 58178 5547 7256 12615680 0 0
36848 1328 174 159 1409024 0 0
22503458 17835 32176 2227 6721536 0 0
40271 14822 1202 1850 2695168 0 0
29535 15094 1188 1884 2297856 0 0
141796 31394 2452 3926 3391488 0 0
2590512 392977 36747 49123 1679360 0 0
45485 16330 1351 2038 2039808 0 0
41413 16462 1357 2055 2248704 0 0
23654 3291 257 385 1396736 0 0
24503 64 44 6 45056 0 0
965791 152078 12774 18457 15361024 4096 0
49058331185 326372896603 19712067 63295589 12533895168 20190449664 117915648
5348096 42402000 636090 1668824 3145728 0 0
3592897 5901865 446318 737734 1888256 0 0
55458 925698 3322 152151 1019904 0 0
26645 34466 588 909 1200128 36864 0
388403 34210 5208 4278 24121344 0 0
149369 14257 1162 1780 11714560 0 0
181676 64594 5093 8072 15527936 0 0
49335 4870954 2293 4054 1015808 5423104 0
145335 74065 3128 5108 7299072 36864 0
69657 8969 849 1122 8499200 0 0
46813 41433 3109 5178 110592 0 0
376704 152835 8728 16042 10838016 0 0
107965 40948 3131 5118 135168 0 0
47712677 44306 57026 5539 4313088 0 0
303465 68816 4512 8038 7176192 0 0
21648966 1574840 45004 74143 11616256 987136 0
788049 114545 11708 14339 13512704 0 0
74737 44374 3378 5576 3747840 0 0
64377 69841 5243 8729 499712 0 0
45727 41876 3109 5232 122880 0 0
816917 1302616 98239 162831 2707456 0 0
59745 43973 3268 5496 696320 0 0
67069 40737 3066 5092 81920 0 0
51533 45876 3390 5742 626688 0 0
442747 57524 4437 6630 6115328 0 0
55877 48288 3624 6036 180224 0 0
504419 93226 4629 7264 9170944 0 0
45644217 26664031 59742 51509 368995328 24309760 0
80066 5168 497 646 2408448 0 0
91672 73658 4511 6957 4333568 0 0
646081 157799 11882 19733 9777152 0 0
30490540 3769672 44674 56663 31469568 495616 0
321691 57240 1007 70 703488 0 0
9500 648 78 81 5182464 335872 331776
8312 0 15 0 81920 0 0
1019362 46352 2087 378 37667840 0 0
152039 1569325 1656 1946 2768896 2076672 69632
62523897 6431802 48959 32221 45027328 499712 0
363630 13286 903 1234 23666688 0 0
4604347 4196717 4022 2823 17596416 249856 0
16748 289 54 37 49152 0 0
988375 8547994 4439 6710 2236416 0 0
8987179 22251180 11291 25682 9003008 2260992 0
21047 2533 79 30 1277952 0 0
546195 23752 2814 2969 4441088 0 0
177504 237921 18720 29741 2416640 0 0
117702 144432 10552 18054 917504 0 0
816176157 4327373562 11843414 114811181 88530944 294912 143360
6615225 23652 1805 448 7159808 0 0
0 0 0 0 0 0 0
99694 67630 994 482 258048 0 0
369938 19373 1187 1838 14614528 0 0
26002 3700 282 449 2215936 0 0
964708818 44115241 244284 16119 34951168 44924928 44924928
14609771 23013880 1820231 2876689 1908736 4096 0
1615196636 3360090960 1183286 1139548 196915200 1153794048 5447680
38946297 3042720630 41717 261667 186833920 2048000 143360
24193 1169 125 147 1249280 0 0
3094093 3728425 281339 465489 6709248 0 0
5157321 7935640 641498 991955 925696 0 0
5040 0 19 0 12288 0 0
14860 9820 77 58 44032 0 0
1323988182 2790486799 3382211 4020495 1752127488 4208824320 64618496
93554 21 129 4 6163456 0 0
93555 56 130 6 4529152 0 0
6560309505 7296407890 1026550 745338 272673792 7415853056 49094656
125270166 110575911 37174675 25835904 8562688 0 0
8511839 135363744 4453450 9905167 289258496 1818624 0
3250213824 401251546 9426760 9341684 1253044224 363671552 20480
319490391 334023530 20361 37615 154920960 348655616 0
602 264 36 33 7227392 0 0
3351217 329479 4758 4619 16151552 294912 0
143175004 21784036 2226759 2224286 4419584 12701696 0
1245533 944155 2154 1625 1376256 937984 0
22777 64 39 8 0 0 0
41625 62 102 3 20480 0 0
87630 121360 1065 1682 36864 0 0
12545292024 592610564 583959 309407 4576256 158777344 0
548938 15429 727 294 1798144 0 0
23261098 83711 27682 3601 1073152 24576 0
147819 56 146 1 0 0 0
6996409 21254 9175 628 0 16384 0
3040413184
0
235278336
120264704
6004736
5992448
110592
1482752
3031040
9330688
1888256
20967424
114688
11583488
5472256
3448832
3761861632
155648
3830784
6242304
5734400
17178624
8318976
102993920
6311936
12277760
83668992
2347008
101851136
1376256
0
0
29679616
20353024
3145728
69632
1658880
2241390592
9854976
1814528
1060864
7135232
0
0
0
0
0
0
0
0
0
0
0
0
0
0
0
0
0
0
0
0
0
0
0
0
0
0
0
0
0
0
0
0
0
0
0
0
0
0
0
0
0
0
0
0
0
0
0
0
0
0
0
0
0
0
0
0
0
0
0
0
0
0
0
0
0
0
0
0
0
0
0
0
0
0
0
0
0
0
0
0
0
0
0
0
0
0
0
0
0
0
0
0
0
0
0
0
0
0
0
0
0
0
0
0
0
0
0
0
0
0
0
0
0
0
0
0
0
0
0
0
0
0
0
0
0
0
0
0
0
0
0
0
0
0
0
0
2408448
0
0
0
0
0
94105600
0
0
0
0
0
0
0
0
0
0
0
0
0
0
0
1459200
5710848
9569280
0
262144
0
37105664
0
0
114688
0
0
16461824
1048576
0
23511040
21061632
5566464
12615680
1409024
6721536
2695168
2297856
3391488
1679360
2039808
2248704
1396736
45056
15361024
12533895168
3145728
1888256
1019904
1200128
24121344
11714560
15527936
1015808
7299072
8499200
110592
10838016
135168
4313088
7176192
11616256
13512704
3747840
499712
122880
2707456
696320
81920
626688
6115328
180224
9170944
368995328
2408448
4333568
9777152
31469568
703488
5182464
81920
37667840
2768896
45056000
23666688
17596416
49152
2236416
9003008
1277952
4441088
2416640
917504
88530944
7159808
0
258048
14614528
2215936
34951168
1908736
196915200
186846208
1249280
6709248
925696
12288
44032
1752127488
6163456
4529152
272673792
8562688
289258496
1253044224
154920960
7227392
16151552
4419584
1376256
0
20480
36864
4576256
1798144
1073152
0
0

3040413184
0
235278336
120264704
6004736
5992448
110592
1482752
3031040
9330688
1888256
20967424
114688
11583488
5472256
3448832
3761861632
155648
3830784
6242304
5734400
17178624
8318976
102993920
6311936
12277760
83668992
2347008
101851136
1376256
0
0
29679616
20353024
3145728
69632
1658880
2241390592
9854976
1814528
1060864
7135232
0
0
0
0
0
0
0
0
0
0
0
0
0
0
0
0
0
0
0
0
0
0
0
0
0
0
0
0
0
0
0
0
0
0
0
0
0
0
0
0
0
0
0
0
0
0
0
0
0
0
0
0
0
0
0
0
0
0
0
0
0
0
0
0
0
0
0
0
0
0
0
0
0
0
0
0
0
0
0
0
0
0
0
0
0
0
0
0
0
0
0
0
0
0
0
0
0
0
0
0
0
0
0
0
0
0
0
0
0
0
0
0
0
0
0
0
0
0
0
0
0
0
0
0
0
0
0
0
0
0
0
0
0
0
0
0
2408448
0
0
0
0
94105600
0
0
0
0
0
0
0
0
0
0
0
0
0
0
0
0
0
1459200
5710848
9569280
0
262144
0
37105664
0
0
114688
0
0
16461824
1048576
0
23511040
21061632
5566464
12615680
1409024
6721536
2695168
2297856
3391488
1679360
2039808
2248704
1396736
45056
15361024
12533895168
3145728
1888256
1019904
1200128
24121344
11714560
15527936
1015808
7299072
8499200
110592
10838016
135168
4313088
7176192
11616256
13512704
3747840
499712
122880
2707456
696320
81920
626688
6115328
180224
9170944
368995328
2408448
4333568
9777152
31469568
703488
5182464
81920
37667840
2768896
45056000
23666688
17596416
49152
2236416
9003008
1277952
4441088
2416640
917504
88530944
7159808
0
258048
14614528
2215936
34951168
1908736
196915200
186846208
1249280
6709248
925696
12288
44032
1752127488
6163456
4529152
272673792
8562688
289258496
1253044224
154920960
7227392
16151552
4419584
1376256
0
20480
36864
4576256
1798144
1073152
0
0

3040413184
0
235278336
120264704
6004736
5992448
110592
1482752
3031040
9330688
1888256
20967424
114688
11583488
5472256
3448832
3761861632
155648
3830784
6242304
5734400
17178624
8318976
102993920
6311936
12277760
83668992
2347008
101851136
1376256
0
0
29679616
20353024
3145728
69632
1658880
2241390592
9854976
1814528
1060864
7135232
0
0
0
0
0
0
0
0
0
0
0
0
0
0
0
0
0
0
0
0
0
0
0
0
0
0
0
0
0
0
0
0
0
0
0
0
0
0
0
0
0
0
0
0
0
0
0
0
0
0
0
0
0
0
0
0
0
0
0
0
0
0
0
0
0
0
0
0
0
0
0
0
0
0
0
0
0
0
0
0
0
0
0
0
0
0
0
0
0
0
0
0
0
0
0
0
0
0
0
0
0
0
0
0
0
0
0
0
0
0
0
0
0
0
0
0
0
0
0
0
0
0
0
0
0
0
0
0
0
0
0
0
0
0
0
0
2408448
0
0
0
0
94105600
0
0
0
0
0
0
0
0
0
0
0
0
0
0
0
0
0
1459200
5710848
9569280
0
262144
0
37105664
0
0
114688
0
0
16461824
1048576
0
23511040
21061632
5566464
12615680
1409024
6721536
2695168
2297856
3391488
1679360
2039808
2248704
1396736
45056
15361024
12533895168
3145728
1888256
1019904
1200128
24121344
11714560
15527936
1015808
7299072
8499200
110592
10838016
135168
4313088
7176192
11616256
13512704
3747840
499712
122880
2707456
696320
81920
626688
6115328
180224
9170944
368995328
2408448
4333568
9777152
31469568
703488
5182464
81920
37667840
2768896
45068288
23666688
17596416
49152
2236416
9003008
1277952
4441088
2416640
917504
88530944
7159808
0
258048
14614528
2215936
34951168
1908736
196915200
186846208
1249280
6709248
925696
12288
44032
1752127488
6163456
4529152
272673792
8562688
289258496
1253044224
154920960
7227392
16151552
4419584
1376256
0
20480
36864
4576256
1798144
1146880
0
0

1 3040413184
2 0
365 235278336
400 120264704
892 6004736
959 5992448
960 110592
963 1482752
965 3031040
967 9330688
971 1888256
972 20967424
977 114688
981 11583488
985 5472256
992 3448832
1002 3761861632
1006 155648
1010 3830784
1011 6242304
1012 5734400
1014 17178624
1061 8318976
1064 102993920
1099 6311936
1102 12277760
1119 83668992
1190 2347008
1451 101851136
1453 1376256
1456 0
1458 0
1688 29679616
1810 20353024
1946 3145728
1979 69632
2065 1658880
2322 2241390592
2338 9854976
170362 1814528
170364 1060864
172231 7135232
3 0
4 0
5 0
6 0
8 0
10 0
11 0
12 0
13 0
14 0
15 0
16 0
18 0
19 0
20 0
21 0
22 0
24 0
25 0
26 0
27 0
28 0
30 0
31 0
32 0
33 0
34 0
36 0
37 0
38 0
39 0
40 0
42 0
43 0
44 0
45 0
46 0
48 0
49 0
50 0
51 0
52 0
54 0
55 0
56 0
57 0
58 0
60 0
61 0
62 0
63 0
64 0
65 0
66 0
67 0
68 0
69 0
118 0
119 0
120 0
121 0
122 0
123 0
124 0
125 0
126 0
128 0
130 0
131 0
133 0
134 0
135 0
136 0
137 0
138 0
140 0
144 0
145 0
154 0
159 0
168 0
190 0
225 0
227 0
228 0
229 0
231 0
232 0
233 0
234 0
235 0
236 0
237 0
238 0
239 0
240 0
244 0
251 0
255 0
256 0
259 0
268 0
325 0
326 0
505 0
513 0
514 0
516 0
517 0
518 0
520 0
556 0
557 0
558 0
568 0
1483 0
2386 0
54710 0
54711 0
54715 0
54716 0
54717 0
54718 0
54719 0
54720 0
54721 0
54722 0
54723 0
54724 0
172129 0
180942 0
180982 0
181158 0
181486 0
182107 0
182119 2408448
182174 0
182197 0
182282 0
182283 94175232
182284 0
182315 0
182335 0
182358 0
182574 0
182665 0
182726 0
182745 0
182747 0
182782 0
182785 0
182824 0
182826 0
184496 0
184498 0
1030 0
1377 1459200
1304 5710848
1305 9569280
182313 0
1782 262144
1789 0
1836 37105664
1937 0
1938 0
1939 114688
1940 0
1941 0
2316 16461824
2416 1048576
2323 0
2328 23511040
2330 21061632
2333 5566464
2353 12615680
2359 1409024
2367 6721536
2373 2695168
2379 2297856
2383 3391488
2393 1679360
2399 2039808
2403 2248704
2521 1396736
2534 45056
2541 15361024
2555 12534132736
2588 3145728
2590 1888256
2603 1019904
2607 1200128
2612 24121344
2618 11714560
2627 15527936
2631 1015808
2642 7299072
2657 8499200
2679 110592
2680 10838016
2681 135168
2684 4313088
2686 7176192
2689 11620352
2690 13512704
2691 3747840
2692 499712
2695 122880
2697 2707456
2700 696320
2701 81920
2702 626688
2703 6115328
2706 180224
2713 9170944
2813 368995328
2814 2408448
2857 4333568
2968 9777152
2972 31477760
3677 703488
3903 5182464
3909 81920
4048 37667840
5509 2768896
79994 45068288
174678 23666688
182586 17596416
182593 49152
182606 2236416
182635 9003008
10067 1277952
2669 4441088
14753 2416640
14768 917504
2418 88530944
2436 7159808
2503 0
2526 258048
2736 14614528
2765 2215936
5519 34951168
2581 1908736
176121 196915200
182367 186996736
2585 1249280
2586 6709248
2812 925696
3846 12288
3847 44032
3848 1752127488
3919 6163456
3920 4529152
3960 272673792
4710 8562688
3955 289258496
3922 1253044224
3974 154929152
4049 7227392
4054 16151552
173149 4419584
182323 1376256
182670 0
170371 20480
176289 36864
176460 4576256
182614 1798144
182840 1146880
185503 0
185504 0
