0,2
0,5
0,7
1,0
1,3
1,5
1,8
2,1
2,4
2,6
2,9
3,2
3,5
3,7
4,0
4,3
4,6
4,8
5,1
5,4
5,7
5,9
6,2
6,5
6,8
7,0
7,3
7,6
7,9
8,1
8,4
8,7
9,0
9,2
9,5
9,8
10,0
10,3
10,6
10,9
11,1
11,4
11,7
11,9
12,2
12,5
12,7
13,0
13,3
13,6
13,8
14,1
14,4
14,6
14,9
15,2
15,4
15,7
15,9
16,2
16,4
16,7
16,9
17,2
17,4
17,7
17,9
18,1
18,4
18,6
18,9
19,1
19,4
19,6
19,9
20,1
20,4
20,6
20,9
21,1
21,4
21,6
21,9
22,1
22,3
22,6
22,8
23,1
23,3
23,6
23,8
24,1
24,3
24,6
24,8
25,1
25,3
25,5
25,8
26,0
26,3
26,5
26,8
27,0
27,3
27,5
27,8
28,0
28,3
28,5
28,8
29,0
29,3
29,5
29,7
30,0
30,2
30,5
30,7
31,0
31,2
31,5
31,7
32,0
32,2
32,4
32,7
32,9
33,2
33,4
33,7
33,9
34,2
34,4
34,7
34,9
35,2
35,4
35,7
35,9
36,1
36,4
36,6
36,9
37,1
37,4
37,6
37,9
38,1
38,4
38,6
38,9
39,1
39,4
39,6
39,9
40,1
40,3
40,6
40,8
41,1
41,3
41,6
41,8
42,1
42,3
42,6
42,8
43,1
43,3
43,6
43,8
44,0
44,3
44,5
44,8
45,0
45,3
45,5
45,8
46,0
46,3
46,5
46,8
47,0
47,2
47,5
47,7
48,0
48,2
48,5
48,7
49,0
49,2
49,5
49,7
50,0
50,2
50,5
50,7
50,9
51,2
51,4
51,7
51,9
52,2
52,4
52,7
52,9
53,2
53,4
53,7
53,9
54,1
54,4
54,6
54,9
55,1
55,4
55,6
55,9
56,1
56,4
56,6
56,9
57,1
57,4
57,6
57,8
58,1
58,3
58,6
58,8
59,1
59,3
59,6
59,8
60,1
60,3
60,6
60,8
61,1
61,3
61,5
61,8
62,0
62,3
62,5
62,8
63,0
63,3
63,5
63,8
64,0
64,3
64,5
64,7
65,0
65,2
65,5
65,7
66,0
66,2
66,5
66,7
67,0
67,2
67,5
67,7
67,9
68,2
68,4
68,7
68,9
69,2
69,4
69,7
69,9
70,2
70,4
70,7
70,9
71,1
71,4
71,6
71,9
72,1
72,4
72,6
72,9
73,1
73,4
73,6
73,9
74,1
74,4
74,6
74,8
75,1
75,3
75,6
75,8
76,1
76,3
76,6
76,8
77,1
77,3
77,6
77,8
78,0
78,3
78,5
78,8
79,0
79,3
79,5
79,8
80,0
80,3
80,5
80,7
81,0
81,2
81,5
81,7
82,0
82,2
82,5
82,7
83,0
83,2
83,5
83,7
84,0
84,2
84,4
84,7
84,9
85,2
85,4
85,7
85,9
86,2
86,4
86,7
86,9
87,1
87,2
87,2
87,2
87,3
86,7
86,9
87,1
87,4
87,6
87,6
87,6
87,5
87,6
87,5
87,7
87,8
87,8
87,8
87,7
87,7
88,0
87,9
87,9
88,1
88,1
87,9
88,0
88,0
88,0
88,0
87,7
88,0
88,2
88,1
88,1
88,1
88,0
88,1
88,2
88,2
88,2
88,3
88,3
88,2
88,1
88,3
88,3
88,3
88,3
88,3
88,3
88,2
88,4
88,2
88,4
88,4
88,3
88,3
88,3
88,3
88,3
88,3
88,2
88,3
88,3
88,1
87,9
88,2
88,1
88,2
88,2
88,1
88,2
88,2
88,2
87,8
88,0
88,2
88,2
88,2
88,3
88,2
87,9
88,1
88,3
88,6
88,8
89,0
89,3
89,5
89,8
90,0
90,2
0,0



















