1 3040491008
2 0
365 237522944
400 120264704
892 6004736
959 5992448
960 110592
963 1482752
965 3031040
967 9330688
971 1888256
972 20967424
977 114688
981 11583488
985 5472256
992 3448832
1002 3761861632
1006 155648
1010 3830784
1011 6242304
1012 5734400
1014 17178624
1061 8318976
1064 102993920
1099 6311936
1102 12277760
1119 83668992
1190 2347008
1451 101851136
1453 1376256
1456 0
1458 0
1688 29679616
1810 20353024
1946 3145728
1979 69632
2065 1658880
2322 2241390592
2338 9854976
170362 1814528
170364 1060864
172231 7135232
3 0
4 0
5 0
6 0
8 0
10 0
11 0
12 0
13 0
14 0
15 0
16 0
18 0
19 0
20 0
21 0
22 0
24 0
25 0
26 0
27 0
28 0
30 0
31 0
32 0
33 0
34 0
36 0
37 0
38 0
39 0
40 0
42 0
43 0
44 0
45 0
46 0
48 0
49 0
50 0
51 0
52 0
54 0
55 0
56 0
57 0
58 0
60 0
61 0
62 0
63 0
64 0
65 0
66 0
67 0
68 0
69 0
118 0
119 0
120 0
121 0
122 0
123 0
124 0
125 0
126 0
128 0
130 0
131 0
133 0
134 0
135 0
136 0
137 0
138 0
140 0
144 0
145 0
154 0
159 0
168 0
190 0
225 0
227 0
228 0
229 0
231 0
232 0
233 0
234 0
235 0
236 0
237 0
238 0
239 0
240 0
244 0
251 0
255 0
256 0
259 0
268 0
325 0
326 0
505 0
513 0
514 0
516 0
517 0
518 0
520 0
556 0
557 0
558 0
568 0
1483 0
2386 0
54710 0
54711 0
54715 0
54716 0
54717 0
54718 0
54719 0
54720 0
54721 0
54722 0
54723 0
54724 0
172129 0
180942 0
181486 0
182119 3244032
182197 0
182282 0
182283 102694912
182665 0
185833 0
185845 0
185846 4927488
186120 0
189937 0
189952 0
192770 0
204741 0
214128 0
214133 0
216728 0
216845 0
219404 0
229533 0
237088 0
237139 0
237291 0
1030 0
1377 1459200
1304 5710848
1305 9569280
182313 0
1782 262144
1789 0
1836 37105664
1937 0
1938 0
1939 114688
1940 0
1941 0
2316 16461824
2416 1048576
2323 0
2328 23515136
2330 21061632
2333 5566464
2353 12615680
2359 1409024
2367 6721536
2373 2695168
2379 2297856
2383 3391488
2393 1679360
2399 2039808
2403 2248704
2521 1396736
2534 45056
2541 15361024
2555 12740845568
2588 3145728
2590 1900544
2603 1019904
2607 1200128
2612 24121344
2618 11714560
2627 15527936
2631 1015808
2642 7303168
2657 8499200
2679 110592
2680 10838016
2681 135168
2684 4313088
2686 7184384
2689 11632640
2690 13512704
2691 3747840
2692 499712
2695 122880
2697 2707456
2700 696320
2701 81920
2702 626688
2703 6115328
2706 180224
2713 9170944
2813 368999424
2814 2408448
2857 4333568
2968 9781248
2972 31551488
3677 703488
3903 5182464
3909 81920
4048 37667840
5509 2768896
79994 46354432
174678 23666688
182586 17903616
182593 49152
182606 2236416
182635 9109504
10067 1277952
2669 4469760
14753 2416640
14768 917504
2418 93810688
2436 7159808
2503 0
2526 258048
2736 14614528
2765 2215936
5519 34951168
2581 1912832
182367 198218752
2585 1249280
2586 6709248
2812 925696
3846 12288
3847 44032
3848 1758380032
3919 6163456
3920 4529152
3960 273818624
4710 8562688
3955 289315840
3922 1253627904
3974 154949632
4049 7227392
4054 16151552
173149 4550656
182323 1376256
216760 74752
216815 0
170371 20480
182614 1798144
182840 1542144
244766 0
244767 0
