1 0
2 0
365 0
400 0
892 0
959 0
960 0
963 0
965 0
967 0
971 0
972 0
977 0
981 0
985 0
992 0
1002 0
1006 0
1010 0
1011 0
1012 0
1014 0
1061 0
1064 0
1099 0
1102 0
1119 0
1190 0
1451 0
1453 0
1456 0
1458 0
1688 0
1810 0
1946 0
1979 0
2065 0
2322 0
2338 0
170362 0
170364 0
172231 0
3 0
4 0
5 0
6 0
8 0
10 0
11 0
12 0
13 0
14 0
15 0
16 0
18 0
19 0
20 0
21 0
22 0
24 0
25 0
26 0
27 0
28 0
30 0
31 0
32 0
33 0
34 0
36 0
37 0
38 0
39 0
40 0
42 0
43 0
44 0
45 0
46 0
48 0
49 0
50 0
51 0
52 0
54 0
55 0
56 0
57 0
58 0
60 0
61 0
62 0
63 0
64 0
65 0
66 0
67 0
68 0
69 0
118 0
119 0
120 0
121 0
122 0
123 0
124 0
125 0
126 0
128 0
130 0
131 0
133 0
134 0
135 0
136 0
137 0
138 0
140 0
144 0
145 0
154 0
159 0
168 0
190 0
225 0
227 0
228 0
229 0
231 0
232 0
233 0
234 0
235 0
236 0
237 0
238 0
239 0
240 0
244 0
251 0
255 0
256 0
259 0
268 0
325 0
326 0
505 0
513 0
514 0
516 0
517 0
518 0
520 0
556 0
557 0
558 0
568 0
1483 0
2386 0
54710 0
54711 0
54715 0
54716 0
54717 0
54718 0
54719 0
54720 0
54721 0
54722 0
54723 0
54724 0
172129 0
180942 0
181486 0
182119 0
182197 0
182282 0
182283 0
182665 0
185845 0
185846 0
186120 0
189937 0
189952 0
192770 0
204741 0
214128 0
214133 0
216728 0
216845 0
219404 0
229533 0
237088 0
237139 0
237291 0
1030 0
1377 0
1304 0
1305 0
182313 0
1782 0
1789 0
1836 0
1937 0
1938 0
1939 0
1940 0
1941 0
2316 0
2416 0
2323 0
2328 0
2330 0
2333 0
2353 0
2359 0
2367 0
2373 0
2379 0
2383 0
2393 0
2399 0
2403 0
2521 0
2534 0
2541 0
2555 0
2588 0
2590 0
2603 0
2607 0
2612 0
2618 0
2627 0
2631 0
2642 0
2657 0
2679 0
2680 0
2681 0
2684 0
2686 0
2689 0
2690 0
2691 0
2692 0
2695 0
2697 0
2700 0
2701 0
2702 0
2703 0
2706 0
2713 0
2813 0
2814 0
2857 0
2968 0
2972 0
3677 0
3903 0
3909 0
4048 0
5509 0
79994 0
174678 0
182586 0
182593 0
182606 0
182635 0
10067 0
2669 0
14753 0
14768 0
2418 0
2436 0
2503 0
2526 0
2736 0
2765 0
5519 0
2581 0
182367 0
2585 0
2586 0
2812 0
3846 0
3847 0
3848 0
3919 0
3920 0
3960 0
4710 0
3955 0
3922 0
3974 0
4049 0
4054 0
173149 0
182323 0
216760 0
216815 0
170371 0
182614 0
182840 0
244766 0
244767 0
