1:
2.16
2.48
2.55
2.48
2.34
Mean: 2.40
2:
3.00
3.37
3.63
3.70
3.45
Mean: 3.43
3:
4.48
4.72
4.41
4.51
4.87
Mean: 4.59
4:
6.25
6.15
5.82
5.63
6.83
Mean: 6.13
5:
7.38
7.41
7.29
7.61
9.56
Mean: 7.85
6:
8.21
9.97
7.79
8.09
8.63
Mean: 8.53
7:
8.98
10.73
8.86
8.97
10.57
Mean: 9.62
8:
11.31
10.26
11.57
14.19
14.15
Mean: 12.29
9:
11.64
12.74
11.24
12.56
11.42
Mean: 11.92
10:
13.47
12.86
15.74
14.37
12.72
Mean: 13.83
11:
15.39
13.86
16.73
14.44
14.82
Mean: 15.04
12:
16.56
15.38
15.03
17.44
14.89
Mean: 15.86
13:
16.18
16.70
20.24
16.18
18.64
Mean: 17.58
14:
17.41
17.42
20.60
18.68
17.71
Mean: 18.36
15:
18.03
21.17
20.33
18.54
22.50
Mean: 20.11
16:
19.50
20.67
22.72
21.19
19.81
Mean: 20.77
17:
21.32
23.85
22.52
24.55
21.18
Mean: 22.68
18:
22.20
25.85
23.02
23.80
23.34
Mean: 23.64
19:
25.49
24.38
24.60
31.26
24.60
Mean: 26.06
20:
24.83
26.83
27.30
25.97
26.11
Mean: 26.20

