1:
1.77
1.78
1.77
1.77
1.77
Mean: 1.77
2:
4.03
3.85
3.80
4.76
3.80
Mean: 4.04
3:
11.66
10.07
6.28
6.32
6.65
Mean: 8.19
4:
9.54
8.90
11.29
15.74
12.53
Mean: 11.60
5:
10.63
15.31
11.79
10.19
11.33
Mean: 11.85
6:
13.53
12.46
12.63
12.91
11.83
Mean: 12.67
7:
13.66
14.27
15.33
17.25
15.15
Mean: 15.13
8:
16.37
19.69
17.51
17.60
18.69
Mean: 17.97
9:
21.98
20.58
21.42
19.95
21.44
Mean: 21.07
10:
22.62
22.07
22.17
20.72
22.69
Mean: 22.05
11:
22.78
22.94
23.80
26.28
24.56
Mean: 24.07
12:
30.02
27.39
30.39
28.48
25.82
Mean: 28.42
13:
28.76
30.98
31.25
31.08
31.98
Mean: 30.81
14:
30.41
36.28
30.58
34.29
29.87
Mean: 32.28
15:
37.25
38.45
33.13
33.42
31.58
Mean: 34.76
16:
41.59
36.92
34.35
33.53
35.49
Mean: 36.37
17:
38.44
37.00
38.25
37.84
39.66
Mean: 38.23
18:
46.69
44.16
39.94
39.33
43.44
Mean: 42.71
19:
42.52
41.70
42.93
45.55
43.93
Mean: 43.32
20:
42.44
42.02
41.85
42.06
41.52
Mean: 41.97

