1:
2.55
2.55
2.57
2.58
2.57
2.58
2.57
2.56
2.56
2.57
Mean: 2.56
2:
5.14
5.16
5.14
5.18
5.17
5.17
5.17
5.18
5.18
5.18
Mean: 5.16
3:
7.89
8.50
7.83
7.70
7.70
7.72
7.78
7.76
8.23
8.36
Mean: 7.94
4:
11.12
11.14
11.21
10.16
10.10
10.11
10.14
10.13
10.13
10.33
Mean: 10.45
5:
12.94
13.57
13.92
13.92
13.93
13.88
13.89
13.90
13.88
13.88
Mean: 13.77
6:
16.68
16.66
16.71
16.69
16.63
16.68
16.69
16.67
16.70
16.66
Mean: 16.67
7:
19.48
19.45
19.44
19.47
19.48
19.43
19.43
19.45
19.42
19.44
Mean: 19.44
8:
22.26
22.25
22.19
22.23
22.20
22.18
22.22
22.19
22.22
22.19
Mean: 22.21
9:
24.97
24.94
24.94
24.99
24.94
24.95
24.95
24.96
22.81
22.84
Mean: 24.52
10:
25.41
25.28
25.37
25.31
25.27
25.32
25.34
25.31
25.35
25.36
Mean: 25.33
11:
27.91
27.81
27.83
27.81
27.89
27.88
27.85
27.87
27.93
27.88
Mean: 27.86
12:
30.35
30.45
30.55
32.07
33.26
33.26
33.27
33.26
33.26
33.32
Mean: 32.30
13:
36.07
36.07
36.04
33.16
32.88
32.95
32.95
32.88
32.99
32.89
Mean: 33.88
14:
35.48
35.46
35.40
35.66
35.47
35.45
35.54
38.13
38.84
38.85
Mean: 36.42
15:
41.60
41.57
41.57
41.57
41.70
38.28
37.91
37.90
38.14
40.69
Mean: 40.09
16:
44.46
44.44
44.41
44.43
44.42
44.44
44.40
44.44
44.42
44.42
Mean: 44.42
17:
46.83
43.65
43.66
43.69
43.67
43.31
43.18
43.57
47.12
47.13
Mean: 44.58
18:
47.46
45.47
45.50
45.49
45.51
45.76
45.61
45.52
45.50
45.53
Mean: 45.73
19:
48.09
48.09
48.12
48.15
48.15
48.19
48.04
50.54
49.44
48.12
Mean: 48.49
20:
50.58
50.65
50.62
50.69
50.72
50.61
50.82
50.84
50.77
50.74
Mean: 50.70

