1:
2.58
2.61
2.62
2.64
2.65
2.66
2.78
2.78
2.79
2.80
Mean: 2.69
2:
3.69
3.63
3.64
3.54
3.49
3.87
3.62
3.62
3.47
3.50
Mean: 3.60
3:
5.07
5.22
5.07
5.43
5.13
5.35
5.28
5.74
5.63
5.53
Mean: 5.34
4:
7.47
7.57
7.34
7.33
8.15
7.41
7.28
7.38
7.32
7.28
Mean: 7.45
5:
9.17
8.84
9.10
8.69
8.93
8.49
8.44
8.88
8.70
8.80
Mean: 8.80
6:
9.71
9.94
9.63
9.71
10.05
10.34
12.86
11.03
12.82
12.99
Mean: 10.90
7:
12.13
13.06
11.92
12.48
11.47
13.01
11.36
11.80
11.45
12.75
Mean: 12.14
8:
13.08
12.56
15.32
12.99
14.05
13.77
16.91
12.85
15.62
14.26
Mean: 14.14
9:
19.00
15.98
15.91
17.27
14.98
18.84
14.99
14.96
14.63
14.27
Mean: 16.08
10:
16.20
18.21
16.28
20.58
16.85
15.88
16.90
15.89
16.71
16.10
Mean: 16.96
11:
18.07
18.35
17.57
18.25
18.40
17.94
17.56
18.10
17.23
18.10
Mean: 17.95
12:
20.23
19.10
19.78
19.82
19.14
20.52
20.98
21.39
21.41
19.19
Mean: 20.15
13:
20.68
20.98
20.24
20.25
20.55
20.14
20.42
20.30
20.24
20.33
Mean: 20.41
14:
22.10
21.59
21.91
21.65
21.95
21.68
21.51
21.73
22.42
22.00
Mean: 21.85
15:
23.61
23.36
23.37
23.36
23.20
23.45
23.18
23.50
23.30
23.58
Mean: 23.39
16:
24.90
24.84
24.36
24.50
24.90
24.53
24.62
24.66
24.98
24.58
Mean: 24.68
17:
26.12
25.99
26.67
26.29
25.99
26.72
26.21
26.33
26.38
26.29
Mean: 26.29
18:
27.69
27.97
27.61
27.24
28.03
27.93
27.58
27.60
27.50
27.28
Mean: 27.64
19:
29.19
29.58
28.89
29.04
29.86
28.89
29.73
29.17
29.01
29.53
Mean: 29.28
20:
30.59
30.37
30.20
30.19
30.41
30.34
31.00
30.19
30.59
30.35
Mean: 30.42

