1:
4.03
4.03
4.05
4.06
4.03
4.04
4.03
4.05
4.06
4.00
Mean: 4.03
2:
7.06
7.11
7.10
7.02
7.11
7.05
7.04
7.10
6.96
7.10
Mean: 7.06
3:
10.29
10.36
10.33
10.21
10.33
10.33
10.19
10.18
10.11
10.29
Mean: 10.26
4:
13.83
13.65
13.49
13.57
13.55
13.53
13.55
13.63
13.73
13.70
Mean: 13.62
5:
16.31
16.33
16.16
16.55
16.32
16.20
16.27
16.31
16.28
16.11
Mean: 16.28
6:
17.70
17.70
17.70
17.72
17.68
17.72
17.70
17.66
17.70
17.70
Mean: 17.69
7:
20.34
20.28
20.21
20.20
20.26
20.29
20.32
20.24
20.22
20.25
Mean: 20.26
8:
22.86
22.86
22.87
22.83
22.86
22.87
22.83
22.83
22.79
22.85
Mean: 22.84
9:
25.42
25.38
25.29
25.39
25.43
25.37
25.43
25.34
25.41
25.44
Mean: 25.39
10:
27.92
28.15
27.97
27.95
27.98
27.90
27.98
27.99
27.99
27.98
Mean: 27.98
11:
30.56
30.53
30.52
30.49
30.47
30.51
30.53
30.51
30.50
30.46
Mean: 30.50
12:
33.08
33.11
33.11
33.05
33.04
33.11
33.02
33.10
33.10
33.02
Mean: 33.07
13:
35.60
35.73
35.76
35.70
35.66
35.63
35.66
35.56
35.52
35.53
Mean: 35.63
14:
38.14
38.12
38.14
38.16
38.21
38.13
38.32
38.13
38.32
38.12
Mean: 38.17
15:
40.72
40.83
40.67
40.85
40.92
40.81
40.79
40.68
40.76
40.80
Mean: 40.78
16:
43.41
43.42
43.41
43.32
43.39
43.36
43.38
43.14
43.46
43.31
Mean: 43.36
17:
45.87
45.99
46.13
46.11
45.98
46.00
45.97
46.00
46.06
45.94
Mean: 46.00
18:
48.55
48.58
48.45
48.52
48.59
48.52
48.43
48.64
49.37
48.47
Mean: 48.61
19:
50.97
51.17
51.00
50.98
51.12
50.94
51.09
51.00
51.07
51.11
Mean: 51.04
20:
53.69
53.79
53.61
53.70
53.56
53.57
53.61
53.57
53.67
53.68
Mean: 53.64
