1:
2.05
2.02
2.07
2.05
2.23
Mean: 2.08
2:
4.12
4.34
4.19
3.99
4.20
Mean: 4.16
3:
6.42
6.21
6.28
6.64
6.16
Mean: 6.34
4:
8.82
8.64
8.56
9.65
8.81
Mean: 8.89
5:
12.61
13.09
12.56
12.91
13.57
Mean: 12.94
6:
14.76
17.18
16.00
14.06
14.57
Mean: 15.31
7:
17.81
20.94
21.18
18.93
19.76
Mean: 19.72
8:
19.86
20.83
20.51
18.92
22.26
Mean: 20.47
9:
21.43
19.60
20.87
19.78
20.88
Mean: 20.51
10:
22.61
21.86
21.62
21.18
21.25
Mean: 21.70
11:
23.43
23.62
25.79
26.08
25.07
Mean: 24.79
12:
28.00
28.04
26.61
25.73
25.99
Mean: 26.87
13:
29.25
28.32
27.39
28.00
28.91
Mean: 28.37
14:
30.11
30.46
29.83
31.22
29.56
Mean: 30.23
15:
32.42
34.26
36.91
35.34
35.84
Mean: 34.95
16:
35.15
38.49
36.35
36.65
37.17
Mean: 36.76
17:
48.43
45.12
47.11
43.77
46.44
Mean: 46.17
18:
45.66
50.36
49.67
45.21
44.23
Mean: 47.02
19:
50.14
52.22
46.11
46.92
49.42
Mean: 48.96
20:
50.55
46.13
44.20
44.81
47.55
Mean: 46.64

