1:
2.85
3.30
3.05
2.94
2.91
Mean: 3.01
2:
6.19
5.67
5.54
5.54
5.88
Mean: 5.76
3:
7.44
7.51
8.14
7.50
8.48
Mean: 7.81
4:
9.75
10.17
10.08
10.45
9.59
Mean: 10.00
5:
13.50
12.98
13.70
14.25
13.83
Mean: 13.65
6:
15.97
15.24
16.28
15.39
14.52
Mean: 15.48
7:
18.45
20.02
17.59
21.02
21.35
Mean: 19.68
8:
23.59
24.48
20.86
22.13
22.70
Mean: 22.75
9:
26.46
27.55
27.58
23.65
23.04
Mean: 25.65
10:
25.21
26.48
27.15
25.21
24.77
Mean: 25.76
11:
26.23
26.16
26.17
27.03
29.50
Mean: 27.01
12:
31.79
28.93
28.55
29.16
29.14
Mean: 29.51
13:
31.90
34.01
35.52
33.39
38.67
Mean: 34.69
14:
39.93
37.07
36.69
39.12
39.44
Mean: 38.45
15:
39.10
36.62
41.77
39.45
40.13
Mean: 39.41
16:
44.52
43.14
40.06
43.90
39.59
Mean: 42.24
17:
40.47
41.60
42.53
43.74
45.24
Mean: 42.71
18:
43.55
42.58
51.58
46.60
47.45
Mean: 46.35
19:
52.49
48.76
52.20
49.06
52.49
Mean: 51.00
20:
54.24
55.53
58.77
51.22
50.67
Mean: 54.08

