1:
2.60
2.59
2.57
2.59
2.60
2.58
2.57
2.57
2.56
2.56
Mean: 2.57
2:
5.12
5.13
5.12
5.13
5.13
5.13
5.16
5.20
5.17
5.17
Mean: 5.14
3:
7.75
7.74
7.75
7.72
7.72
7.77
7.77
7.84
7.75
7.69
Mean: 7.75
4:
10.29
10.32
10.28
10.27
10.32
10.33
10.33
10.54
10.31
10.47
Mean: 10.34
5:
13.24
12.83
12.81
13.16
13.16
12.83
12.80
12.81
12.79
12.81
Mean: 12.92
6:
15.40
15.70
16.44
16.04
15.36
15.38
15.39
15.41
16.09
16.09
Mean: 15.73
7:
17.94
18.78
19.65
19.76
19.86
18.38
19.19
19.45
19.31
18.35
Mean: 19.06
8:
21.93
22.40
22.02
22.71
21.86
21.99
21.92
22.12
21.51
21.97
Mean: 22.04
9:
25.03
25.13
25.26
24.86
23.38
23.08
24.32
24.92
23.09
23.13
Mean: 24.22
10:
26.30
28.34
27.63
27.76
29.01
27.61
27.45
27.42
27.69
26.43
Mean: 27.56
11:
32.04
32.33
30.89
31.81
29.92
33.18
33.25
32.46
32.91
32.95
Mean: 32.17
12:
36.15
37.49
42.66
35.85
33.66
32.48
33.35
33.34
33.58
35.35
Mean: 35.39
13:
35.75
36.11
36.13
34.22
33.48
33.86
35.03
35.64
36.09
36.08
Mean: 35.23
14:
38.89
35.94
36.06
36.01
35.84
35.94
38.66
36.57
36.02
37.41
Mean: 36.73
15:
41.73
41.66
39.33
38.45
38.47
38.48
39.48
41.68
41.64
41.65
Mean: 40.25
16:
40.99
40.97
41.02
41.05
41.02
41.27
44.48
44.67
41.07
44.31
Mean: 42.08
17:
46.26
43.60
43.54
43.74
46.40
45.92
44.56
49.68
50.71
50.64
Mean: 46.50
18:
54.48
53.98
53.31
54.50
53.53
50.17
49.96
53.86
53.44
52.37
Mean: 52.96
19:
54.38
54.00
53.40
54.30
52.79
52.75
52.74
53.03
52.77
52.76
Mean: 53.29
20:
54.92
54.34
55.19
55.76
55.55
55.68
54.81
58.05
58.99
57.12
Mean: 56.04

